3792 44320 44320 5633	3792 612 44320 5633	3792 44320 45199 5633	6090 44320 45003 44320 5633	5211 44320 45003 44320 5633	13921 2687 423 44320 5633	3792 340 45199 284 45003 44320 5633
3792 44320 44320 393 44320 5633	3792 44320 45199 393 45199 5633	8241 318 44320 393 44320 5633	2061 1625 45544 44320 393 44320 5633	13828 318 44320 393 44320 5633	2061 318 44320 393 44320 5633
2061 318 44320 5633	2061 857 44320 1612 5633	8241 318 44320 5633	8496 318 44320 5633	2061 318 262 3616 286 44320 5633	2061 857 44320 466 5633	2061 466 345 760 546 44320 5633	2215 318 44320 5633	2061 318 4001 416 44320 5633	8496 750 44320 1282 422 5633	13828 318 44320 5633	2215 373 44320 45003 5633	2061 318 262 6770 286 44320 5633	2437 318 44320 5633	13921 2687 760 1997 546 44320 5633	2061 3022 284 44320 5633
2061 318 44320 5633	2437 45545 318 44320 5633	2437 867 45545 389 287 44320 5633	2437 867 44320 5633	2437 881 857 44320 5633
2061 389 44320 5633	2061 318 257 922 44320 5633	2061 318 262 1266 44320 5633	8496 460 314 45003 44320 5633	2061 389 617 922 44320 5633	13921 2687 423 44320 5633
2061 318 262 3580 1022 44320 290 44320 5633	2061 318 262 1266 44320 5633	2061 318 44320 5633	13828 318 1365 44320 393 44320 5633	8241 318 262 1266 44320 5633
2061 318 44320 5633	2061 466 345 892 286 44320 5633	5211 345 1975 287 44320 5633	5211 345 588 44320 5633	19926 314 45003 44320 5633	3792 44320 44320 5633	5211 345 45003 44320 5633	8241 318 44320 5633	8491 345 44320 5633	19926 44320 45003 44320 5633
5195 318 44320 5633	5195 318 44320 45199 5633	5195 466 44320 5633	5195 466 44320 45003 44320 5633	2061 5640 44320 5633	5195 466 44320 45003 5633
2061 389 44320 5633	2437 857 44320 2689 44320 5633	2061 389 44320 3048 44320 5633	2061 389 262 4034 286 44320 5633
2437 466 314 45003 44320 5633	2437 284 45003 44320 5633	2437 466 345 45003 44320 5633	2061 318 262 1266 835 284 45003 44320 5633	2437 318 44320 45003 5633	2437 857 44320 45003 44320 5633	2437 466 44320 670 5633
